$GPRMC,210626.00,A,4915.60467,N,12310.78674,W,0.100,,100213,,,D*67
$GPVTG,,T,,M,0.100,N,0.186,K,D*28
$GPGGA,210626.00,4915.60467,N,12310.78674,W,2,09,1.14,24.1,M,-7.4,M,,0000*58
$GPGSA,A,3,31,01,11,51,20,22,19,32,14,,,,2.28,1.14,1.98*07
$GPGSV,3,1,12,01,52,289,38,11,48,250,39,14,53,058,43,17,05,338,*75
$GPGSV,3,2,12,19,08,219,29,20,22,289,30,22,31,104,29,25,05,082,*7C
$GPGSV,3,3,12,31,36,155,44,32,49,289,37,46,29,147,,51,31,159,37*73
$GPGLL,4915.60467,N,12310.78674,W,210626.00,A,D*7E

$GPRMC,210627.00,A,4915.60464,N,12310.78672,W,0.070,,100213,,,D*65
$GPVTG,,T,,M,0.070,N,0.130,K,D*23
$GPGGA,210627.00,4915.60464,N,12310.78672,W,2,09,1.14,24.2,M,-17.4,M,,0000*5F
$GPGSA,A,3,31,01,11,51,20,22,19,32,14,,,,2.28,1.14,1.98*07
$GPGSV,3,1,12,01,52,289,38,11,48,250,39,14,53,058,43,17,05,338,*75
$GPGSV,3,2,12,19,08,219,29,20,22,289,31,22,31,104,29,25,05,082,*7D
$GPGSV,3,3,12,31,36,155,44,32,49,289,37,46,29,147,,51,31,159,37*73
$GPGLL,4915.60464,N,12310.78672,W,210627.00,A,D*7A



$GPRMC,210936.00,A,4915.60433,N,12310.78753,W,0.106,,100213,,,D*6A
$GPVTG,,T,,M,0.106,N,0.197,K,D*2E
$GPGGA,210936.00,4915.60433,N,12310.78753,W,2,08,1.17,25.4,M,-17.4,M,,0000*55
$GPGSA,A,3,31,01,11,51,20,22,32,14,,,,,2.82,1.17,2.56*0D
$GPGSV,4,1,13,01,53,287,34,11,48,248,37,12,07,048,,14,52,058,41*77
$GPGSV,4,2,13,17,06,337,,19,06,218,08,20,23,290,23,22,30,104,35*7E
$GPGSV,4,3,13,25,06,080,,31,37,154,45,32,50,289,28,46,29,147,*74
$GPGSV,4,4,13,51,31,159,40*44
$GPGLL,4915.60433,N,12310.78753,W,210936.00,A,D*75

$GPRMC,210937.00,A,4915.60436,N,12310.78759,W,0.057,,100213,,,D*61
$GPVTG,,T,,M,0.057,N,0.106,K,D*23
$GPGGA,210937.00,4915.60436,N,12310.78759,W,2,08,1.17,25.2,M,-17.4,M,,0000*5D
$GPGSA,A,3,31,01,11,51,20,22,32,14,,,,,2.82,1.17,2.56*0D
$GPGSV,4,1,13,01,53,287,34,11,48,248,36,12,07,048,,14,52,058,41*76
$GPGSV,4,2,13,17,06,337,,19,06,218,08,20,23,290,23,22,30,104,35*7E
$GPGSV,4,3,13,25,06,080,,31,37,154,45,32,50,289,28,46,29,147,*74
$GPGSV,4,4,13,51,31,159,40*